# 10/10 iterations complete ✅ (29970.12s)
# Results saved to runs\detect\tune
# Best fitness=0.82508 observed at iteration 10
# Best fitness metrics are {'metrics/precision(B)': 0.97445, 'metrics/recall(B)': 0.97294, 'metrics/mAP50(B)': 0.99008, 'metrics/mAP50-95(B)': 0.80674, 'val/box_loss': 0.49238, 'val/cls_loss': 0.46166, 'val/dfl_loss': 1.74294, 'fitness': 0.82508}
# Best fitness model is runs\detect\train10
# Best fitness hyperparameters are printed below.

lr0: 0.00835
lrf: 0.01159
momentum: 0.92632
weight_decay: 0.00026
warmup_epochs: 2.14442
warmup_momentum: 0.90557
box: 4.97567
cls: 0.48499
dfl: 2.0554
hsv_h: 0.01352
hsv_s: 0.85764
hsv_v: 0.41613
degrees: 0.0
translate: 0.08573
scale: 0.43784
shear: 0.0
perspective: 0.0
flipud: 0.0
fliplr: 0.70805
bgr: 0.0
mosaic: 1.0
mixup: 0.0
cutmix: 0.0
copy_paste: 0.0
